((("env" .
   [1 0 0])
  ("samplesPerCycle" .
   [0 0 0 0 0 0 0 0 0 0 1 0 0 0 0])
  ("currentSample" .
   [0 0 0 0 0 0 0 0 1 0 0 0 0])
  ("counter" .
   [1 0 0 0 0 0 0])
  ("ugen" .
   [1 0 0 0])
  ("_numScriptNodes" .
   [0 0 0 0 0 0 1 0 0 0 0 0 0 0 0])
  ("pre" .
   [68 0 0])
  ("script" .
   [65 0 0 0 0 0])
  ("preNode" .
   [3 0 0 0 4 0 1])
  ("postNode" .
   [2 0 0 0 0 2 0 0])
  ("zeroInNode" .
   [2 0 0 0 0 0 0 0 0 1])
  ("zeroInNodes" .
   [2 0 0 1 0 0 0 0 0 0 0])
  ("zeroNode" .
   [1 0 0 0 0 1 0 0])
  ("_blankBuffer" .
   [0 0 0 0 0 0 3 0 0 0 0 0])
  ("Float32Array" .
   [0 0 0 0 1 0 0 0 0 0 0 0])
  ("addEventListener" .
   [0 0 0 0 0 1 0 0 0 0 0 0 0 0 0 0])
  ("killNode" .
   [1 0 0 0 0 0 0 0])
  ("node" .
   [4 0 0 0])
  ("1024" .
   [5 0 0 0])
  ("anon" .
   [6 0 0 0])
  ("test" .
   [1 0 0 0])
  ("set" .
   [3 0 0])
  ("fxNode" .
   [13 0 1 5 0 0])
  ("foldNode" .
   [2 0 0 0 0 1 0 1])
  ("wrapNode" .
   [3 0 0 0 0 0 0 0])
  ("clipNode" .
   [4 0 0 0 0 0 0 0])
  ("divisionFunc" .
   [3 0 0 0 0 0 0 0 0 0 0 1])
  ("simplexFunc" .
   [2 0 0 0 0 0 0 0 0 0 0])
  ("request" .
   [0 0 0 0 0 1 0])
  ("rangeFunc" .
   [2 0 0 0 0 0 0 0 0])
  ("inputArray" .
   [0 0 0 0 0 0 0 0 0 3])
  ("19" .
   [1 0])
  ("inputs" .
   [9 0 0 0 0 0])
  ("clipFunc" .
   [2 0 0 0 0 0 0 0])
  ("brownFunc" .
   [1 0 0 0 0 0 0 1 0])
  ("catch" .
   [6 0 0 0 0])
  ("try" .
   [6 0 0])
  ("_zeroInNodes" .
   [3 0 1 0 0 0 1 0 0 0 0 0])
  ("2000" .
   [2 0 0 0])
  ("_maxNodes" .
   [2 0 0 0 0 0 0 0 0])
  ("_maxFXNodes" .
   [1 0 0 0 1 0 0 0 0 0 0])
  ("_scriptFXPools" .
   [3 0 0 0 0 0 0 0 0 0 0 0 0 0])
  ("numInputs" .
   [4 0 0 0 17 2 0 0 6])
  ("500" .
   [1 0 0])
  ("2500" .
   [3 0 0 0])
  ("_blankCalc" .
   [0 0 0 1 0 0 0 0 0 0])
  ("callback" .
   [2 0 0 0 0 0 0 0])
  ("output" .
   [3 0 0 0 0 1])
  ("currentTime" .
   [1 0 0 0 0 0 0 0 1 0 0])
  ("dc" .
   [6 0])
  ("dcFunc" .
   [6 0 0 1 0 0])
  ("5000" .
   [3 0 0 0])
  ("ugenFunc" .
   [56 0 0 0 1 7 0 23])
  ("440" .
   [3 0 0])
  ("masterGain" .
   [0 0 0 0 1 0 2 0 0 0])
  ("start" .
   [2 0 0 0 1])
  ("_zeroInNode" .
   [2 0 1 3 0 1 1 0 1 0 2])
  ("print" .
   [25 0 0 0 2])
  ("onaudioprocess" .
   [0 0 0 7 3 1 1 0 0 0 0 0 0 2])
  ("whiteFunc" .
   [8 0 0 0 0 0 0 0 0])
  ("2.5" .
   [1 0 0])
  ("setValue" .
   [1 0 0 0 0 0 0 0])
  ("func" .
   [2 0 0 0])
  ("startUpFunctions" .
   [0 0 0 0 0 1 3 0 1 0 0 0 0 0 0 0])
  ("fillTerminalWithValue" .
   [0 0 0 0 0 0 0 0 0 0 0 0 0 0 0 0 1 0 0 0 0])
  ("fillClientTerminal" .
   [0 0 0 0 0 0 0 1 0 0 0 0 0 0 0 0 0 0])
  ("clientName" .
   [6 0 0 0 0 0 0 0 0 0])
  ("editors" .
   [3 0 0 0 0 0 0])
  ("emit" .
   [2 0 0 0])
  ("on" .
   [1 0])
  ("text" .
   [11 0 0 0])
  ("socket" .
   [3 0 0 0 0 0])
  ("25em" .
   [2 0 0 0])
  ("letter-spacing" .
   [0 0 0 0 0 1 0 0 0 0 0 0 0 0])
  ("61%" .
   [1 0 0])
  ("40%" .
   [1 0 0])
  ("60" .
   [1 0])
  ("drawing" .
   [3 0 0 0 0 0 0])
  ("padding-left" .
   [1 0 0 0 0 0 0 0 0 2 1 0])
  ("666" .
   [1 0 0])
  ("111" .
   [4 0 0])
  ("222" .
   [2 0 0])
  ("85" .
   [5 0])
  ("8" .
   [7])
  ("-1em" .
   [1 0 0 0])
  ("-3px" .
   [1 0 0 0])
  ("-" .
   [2])
  ("Roman" .
   [0 0 0 0 1])
  ("Times" .
   [0 1 0 0 0])
  ("Serif" .
   [1 0 0 0 0])
  ("Noto" .
   [1 0 0 0])
  ("62" .
   [1 0])
  ("7" .
   [16])
  ("block" .
   [10 0 0 0 0])
  ("fixed" .
   [3 0 0 0 0])
  ("inline" .
   [4 0 1 0 0 3])
  ("48" .
   [1 0])
  ("4" .
   [4])
  ("6" .
   [17])
  ("paddingRight" .
   [0 0 0 0 0 0 0 0 1 0 0 0])
  ("top" .
   [7 0 0])
  ("bottom" .
   [3 0 0 0 0 0])
  ("ccc" .
   [2 0 0])
  ("padding" .
   [3 0 0 0 0 0 0])
  ("availWidth" .
   [0 0 0 1 0 1 0 0 0 1])
  ("25%" .
   [2 0 0])
  ("border-bottom" .
   [1 0 0 0 0 0 0 0 0 0 0 0 0])
  ("border" .
   [1 0 0 0 0 0])
  ("1px" .
   [2 0 0])
  ("solid" .
   [1 0 0 0 0])
  ("10px" .
   [2 0 0 0])
  ("10%" .
   [1 0 0])
  ("padding-right" .
   [2 0 0 0 0 0 0 0 0 1 0 0 0])
  ("22" .
   [2 0])
  ("000" .
   [1 0 0])
  ("z-index" .
   [0 0 2 0 0 0 0])
  ("compileSoloMods" .
   [0 0 0 1 0 0 0 0 0 0 0 0 0 0 0])
  ("C" .
   [1])
  ("let" .
   [1 0 0])
  ("broadcastTyping" .
   [0 0 0 0 0 1 0 0 0 0 0 0 0 0 0])
  ("reorderUserArray" .
   [0 0 1 0 0 0 0 0 0 0 0 0 0 0 0 0])
  ("re" .
   [1 0])
  ("d" .
   [1])
  ("parseJSON" .
   [0 0 0 0 1 0 0 0 0])
  ("things" .
   [1 0 0 0 0 0])
  ("newFunc" .
   [1 0 0 0 0 0 0])
  ("add-to-list" .
   [0 0 0 0 0 0 0 0 0 0 1])
  ("12" .
   [4 0])
  ("setClearColor" .
   [0 0 0 0 0 0 0 0 0 0 0 0 1])
  ("m" .
   [1])
  ("wireframe" .
   [0 0 0 0 0 1 0 0 0])
  ("material" .
   [0 0 0 0 0 0 0 1])
  ("0xFFFFFF" .
   [0 0 0 1 0 2 0 0])
  ("001" .
   [3 0 0])
  ("uniforms" .
   [1 0 0 0 0 0 0 0])
  ("pass" .
   [2 0 0 0])
  ("45" .
   [4 0])
  ("200" .
   [1 0 0])
  ("light" .
   [3 0 0 0 0])
  ("shade" .
   [3 0 0 0 0])
  ("shader" .
   [1 0 0 0 0 0])
  ("remove" .
   [1 0 0 0 0 0])
  ("clientY" .
   [1 0 0 0 0 0 0])
  ("clientX" .
   [1 0 0 0 0 0 0])
  ("lastMouseDown" .
   [0 0 0 0 0 2 0 0 0 0 0 0 0])
  ("02" .
   [2 0])
  ("05" .
   [4 0])
  ("domElement" .
   [1 0 0 0 0 0 0 0 0 0])
  ("rotSpeed" .
   [1 0 0 0 1 0 0 1])
  ("onmousemove" .
   [0 0 0 0 0 0 1 0 0 0 0])
  ("005" .
   [1 0 0])
  ("41" .
   [1 0])
  ("40" .
   [2 0])
  ("50" .
   [7 0])
  ("35" .
   [3 0])
  ("25" .
   [17 0])
  ("freq2" .
   [1 0 0 0 0])
  ("freq1" .
   [1 0 0 0 0])
  ("33" .
   [3 0])
  ("true" .
   [8 0 0 0])
  ("setColor" .
   [0 0 0 0 0 0 0 1])
  ("s" .
   [2])
  ("packedColor" .
   [0 0 0 0 0 0 2 0 0 0 0])
  ("255" .
   [16 0 0])
  ("15" .
   [3 0])
  ("scale" .
   [1 0 0 0 0])
  ("null" .
   [49 0 0 0])
  ("sawMesh" .
   [10 0 0 0 0 0 0])
  ("meshes" .
   [2 0 0 0 0 0])
  ("newMap" .
   [1 0 0 0 0 0])
  ("packRGB" .
   [1 0 0 0 0 1 1])
  ("saw" .
   [1 0 0])
  ("sawMap" .
   [1 0 0 0 0 1])
  ("mesh" .
   [1 0 0 0])
  ("heightMap" .
   [1 0 0 0 0 0 0 0 0])
  ("151515" .
   [3 0 0 0 0 0])
  ("relative" .
   [1 2 2 1 0 0 0 0])
  ("100" .
   [16 0 0])
  ("Garde" .
   [0 0 1 0 0])
  ("Avant" .
   [1 0 0 0 0])
  ("Courier" .
   [1 0 0 0 0 0 0])
  ("900" .
   [1 0 0])
  ("2em" .
   [2 0 0])
  ("Narrow" .
   [1 0 0 0 0 0])
  ("Verdana" .
   [2 0 0 0 1 0 0])
  ("Ubuntu" .
   [3 0 0 0 0 0])
  ("9" .
   [12])
  ("hidden" .
   [0 2 0 0 0 0])
  ("overflow" .
   [0 0 0 1 1 0 0 0])
  ("margin-left" .
   [3 0 0 0 0 0 0 1 0 0 0])
  ("Tahoma" .
   [1 0 0 0 0 0])
  ("setInterval" .
   [0 0 0 0 0 0 0 0 1 0 0])
  ("maxRedrawHeight" .
   [0 0 0 0 1 2 0 0 0 0 0 0 0 0 0])
  ("availHeight" .
   [2 0 0 0 0 1 0 0 0 0 1])
  ("screen" .
   [4 0 0 0 0 1])
  ("v" .
   [1])
  ("clientHeight" .
   [0 0 0 0 0 0 0 0 2 0 0 0])
  ("scrollTop" .
   [2 0 0 0 0 0 0 0 0])
  ("graphics" .
   [1 0 0 0 0 0 0 0])
  ("event" .
   [5 0 0 0 0])
  ("999" .
   [1 0 0])
  ("sin" .
   [4 0 0])
  ("10" .
   [28 0])
  ("99" .
   [2 0])
  ("1000" .
   [9 0 0 0])
  ("333" .
   [3 0 0])
  ("random" .
   [19 0 0 0 0 0])
  ("0px" .
   [3 0 0])
  ("100%" .
   [5 0 0 0])
  ("canvas" .
   [5 0 0 1 0 1])
  ("setSize" .
   [1 0 0 0 0 0 0])
  ("height" .
   [6 0 0 0 0 0])
  ("width" .
   [4 0 0 0 0])
  ("projectionMatrix" .
   [0 0 0 0 0 0 0 0 0 0 0 0 1 0 0 0])
  ("renderer" .
   [7 0 0 0 0 0 0 0])
  ("camera" .
   [2 0 0 0 0 0])
  ("scene" .
   [2 0 0 0 0])
  ("composer" .
   [2 0 0 0 0 0 0 0])
  ("window" .
   [7 0 0 0 0 0])
  ("drawScene" .
   [1 0 0 0 0 3 0 0 0])
  ("24" .
   [1 0])
  ("30" .
   [11 0])
  ("text-align" .
   [0 0 0 0 1 0 3 0 0 0])
  ("padding-bottom" .
   [0 0 0 0 0 0 0 0 0 4 0 0 0 0])
  ("header" .
   [1 0 0 0 0 0])
  ("75%" .
   [2 0 0])
  ("initGraphics" .
   [1 0 0 0 0 0 1 0 0 0 0 0])
  ("container" .
   [1 0 0 0 0 0 0 0 0])
  ("add" .
   [1 0 0])
  ("modPos" .
   [2 0 0 0 0 0])
  ("max" .
   [2 0 0])
  ("min" .
   [1 0 0])
  ("Math" .
   [22 0 0 0])
  ("1" .
   [41])
  ("splitter" .
   [2 0 0 0 0 0 0 0])
  ("position" .
   [8 0 0 2 2 1 0 1])
  ("panner" .
   [2 0 0 0 0 0])
  ("c" .
   [4])
  ("out" .
   [3 0 0])
  ("11" .
   [2 0])
  ("setTimeout" .
   [1 0 0 0 0 0 0 4 0 0])
  ("limiter" .
   [1 0 0 0 0 0 0])
  ("20" .
   [2 0])
  ("i" .
   [2])
  ("buses" .
   [3 0 0 0 0])
  ("bus" .
   [7 0 0])
  ("compr" .
   [2 0 0 0 0])
  ("channelCount" .
   [5 0 0 0 0 0 0 0 5 1 1 0])
  ("post" .
   [21 0 0 0])
  ("Lich" .
   [20 0 0 0])
  ("connection" .
   [1 0 0 0 0 0 0 0 0 0])
  ("push" .
   [8 0 0 0])
  ("channels" .
   [2 0 0 0 0 0 0 0])
  ("channel" .
   [8 0 0 0 0 0 1])
  ("connections" .
   [0 0 0 0 0 1 1 0 0 0 1])
  ("stopAll" .
   [2 0 0 0 0 4 0])
  ("createChannelMerger" .
   [0 0 0 0 0 0 1 0 2 0 0 0 0 0 0 0 0 0 2])
  ("merger" .
   [14 0 0 0 0 0])
  ("res" .
   [3 0 0])
  ("numberOfOutputs" .
   [0 0 0 0 0 0 0 0 3 0 0 0 0 0 0])
  ("release" .
   [1 0 0 0 0 0 0])
  ("attack" .
   [1 0 0 0 0 0])
  ("ratio" .
   [1 0 0 0 0])
  ("knee" .
   [1 0 0 0])
  ("threshold" .
   [0 0 0 0 1 0 0 0 0])
  ("curry" .
   [2 0 0 0 0])
  ("compressor" .
   [1 0 0 0 0 0 0 0 0 0])
  ("stereoExpand" .
   [0 0 0 0 1 0 0 0 0 0 0 0])
  ("target" .
   [2 0 0 0 0 0])
  ("e" .
   [1])
  ("Error" .
   [3 0 0 0 0])
  ("new" .
   [4 0 0])
  ("throw" .
   [3 0 0 0 0])
  ("input" .
   [37 0 0 0 0])
  ("stop" .
   [3 0 0 0])
  ("time" .
   [22 0 0 0])
  ("startAll" .
   [1 0 0 0 0 0 4 3])
  ("AUDIO" .
   [8 0 0 0 0])
  ("amp" .
   [3 0 0])
  ("setq" .
   [4 0 0 0])
  ("auctex" .
   [0 0 0 0 0 1])
  ("speedbar" .
   [0 0 0 0 0 0 0 1])
  ("save-buffer" .
   [1 0 0 0 0 0 0 0 0 0 0])
  ("std" .
   [2 0 0])
  ("GLFW" .
   [1 0 0 0])
  ("glfwCreateWindow" .
   [0 0 0 0 0 1 0 0 0 0 0 0 0 0 0 0])
  ("800" .
   [1 0 0])
  ("600" .
   [1 0 0])
  ("NULL" .
   [2 0 0 0])
  ("ints" .
   [2 0 0 0])
  ("setq-default" .
   [0 0 0 0 0 0 0 1 0 0 0 0])
  ("mode-line" .
   [1 0 0 0 0 0 0 0 0])
  ("mode-line-format" .
   [1 0 0 0 0 0 0 0 0 0 0 0 0 0 0 0])
  ("f11" .
   [1 0 0])
  ("f12" .
   [1 0 0])
  ("global-set-key" .
   [0 0 0 0 0 0 0 0 0 0 0 0 0 1])
  ("f9" .
   [1 0])
  ("find-file" .
   [1 0 0 0 0 0 0 0 0])
  ("require" .
   [1 0 0 2 1 1 0])
  ("dired+" .
   [0 0 0 0 0 1])
  ("desktop" .
   [0 0 0 0 0 0 1])
  ("chord" .
   [3 0 0 0 0])
  ("floor" .
   [3 0 0 0 0])
  ("pow" .
   [2 0 0])
  ("degree" .
   [1 0 0 0 0 0])
  ("length" .
   [9 0 2 3 0 5])
  ("chord::degrees" .
   [1 0 0 0 0 0 0 0 0 0 0 0 0 0])
  ("wlookup" .
   [1 0 0 0 0 0 0])
  ("progression" .
   [3 0 0 0 0 1 0 0 0 0 1])
  ("progression::value" .
   [0 0 0 0 0 0 0 0 0 0 0 0 0 0 1 0 0 0])
  ("mul" .
   [1 0 0])
  ("chordMult" .
   [1 0 0 0 0 0 0 0 0])
  ("chordDegree2Freq" .
   [0 0 0 0 0 0 0 0 0 0 0 0 1 0 0 0])
  ("0.3" .
   [5 0 0])
  ("else" .
   [25 0 0 0])
  ("if" .
   [23 0])
  ("type" .
   [1 0 0 0])
  ("synth" .
   [8 0 0 0 0])
  ("_lichTy" .
   [0 0 0 0 0 0 3])
  ("IMPSTREAM" .
   [0 0 0 0 1 0 0 0 0])
  ("_lichType" .
   [5 0 0 0 0 0 1 0 6])
  ("SOLOSTREAM" .
   [0 0 0 1 0 0 0 0 0 0])
  ("play" .
   [2 0 0 0])
  ("return" .
   [35 0 0 0 0 0])
  ("false" .
   [12 0 0 0 0])
  ("this" .
   [2 0 0 0])
  ("nextTime" .
   [1 0 0 0 0 1 0 0])
  ("ast" .
   [1 0 0])
  ("id" .
   [2 0])
  ("--" .
   [16 0])
  ("=>" .
   [4 0])
  ("tempoSeconds" .
   [1 0 0 0 0 0 1 0 0 0 0 0])
  ("console" .
   [6 0 0 0 0 0 0])
  ("log" .
   [6 0 0])
  ("var" .
   [177 0 0])
  ("lichMin" .
   [3 0 0 0 0 0 0])
  ("minData" .
   [1 0 0 0 0 0 0])
  ("lichFiles" .
   [0 0 0 0 0 2 0 0 0])
  ("for" .
   [16 0 0])
  ("undo-tree" .
   [0 0 0 0 0 0 0 0 1])
  ("input1" .
   [1 0 0 0 0 0])
  ("gainNode" .
   [5 0 0 0 0 0 0 0])
  ("value" .
   [11 0 0 0 0])
  ("function" .
   [48 0 0 0 0 0 0 0])
  ("whiteGain" .
   [2 0 0 0 0 0 1 0 0])
  ("setValueAtTime" .
   [0 0 0 0 3 0 1 1 1 0 0 0 0 0])
  ("percGain" .
   [3 0 0 0 0 1 0 0])
  ("gain" .
   [22 0 0 0])
  ("Soliton" .
   [39 0 0 0 6 1 13])
  ("context" .
   [12 0 0 0 0 0 10])
  ("createGain" .
   [0 0 0 1 0 0 0 7 0 5])
  ("disconnect" .
   [0 0 0 2 1 3 0 0 0 27])
  ("connect" .
   [25 0 1 0 0 1 7])
  ("pink" .
   [3 0 0 0])
  ("preGain" .
   [0 0 0 0 2 0 0])
  ("brown" .
   [2 0 0 0 0])
  ("clip" .
   [2 0 0 0])
  ("mix" .
   [1 0 0])
  ("editor" .
   [1 0 0 1 0 0])
  ("load-theme" .
   [0 0 0 0 0 0 0 2 0 0])
  ("LichNime2014." .
   [0 0 0 0 0 0 0 0 0 0 0 0 1])
  ("75" .
   [7 0])
  ("background-color" .
   [0 0 0 0 0 0 0 0 0 0 0 0 0 1 0 0])
  ("transparent" .
   [0 0 0 0 1 1 0 0 0 0 0])
  ("serif" .
   [1 0 0 0 1])
  ("bitstream" .
   [1 0 0 0 0 1 0 0 0])
  ("vera" .
   [1 0 0 0])
  ("sans-serif" .
   [0 0 0 0 1 1 0 0 0 0])
  ("Helvetica" .
   [0 1 1 2 1 0 0 0 0])
  ("Arial" .
   [6 0 0 0 0])
  ("old" .
   [1 0 0])
  ("bookman" .
   [1 0 0 1 0 0 0])
  ("style" .
   [2 0 1 0 0])
  ("Utopia" .
   [2 0 0 0 0 0])
  ("Charter" .
   [2 0 0 0 0 0 0])
  ("Georgia" .
   [4 0 0 0 1 0 1])
  ("5" .
   [37])
  ("lighter" .
   [3 3 0 0 0 0 0])
  ("italic" .
   [1 0 2 0 1 0])
  ("bold" .
   [5 1 0 1])
  ("oblique" .
   [0 3 0 1 0 2 0])
  ("font-weight" .
   [0 0 0 0 0 0 5 3 0 0 0])
  ("bolder" .
   [9 0 0 0 0 3])
  ("2" .
   [39])
  ("font-family" .
   [2 0 0 0 0 0 0 1 0 0 0])
  ("0" .
   [44])
  ("1em" .
   [11 0 0])
  ("font-style" .
   [1 0 0 0 0 0 0 2 0 0])
  ("white" .
   [8 0 1 0 0])
  ("black" .
   [9 0 1 0 2])
  ("normal" .
   [2 1 0 0 0 0])
  ("font-size" .
   [0 0 1 0 0 1 0 1 3])
  ("monospace" .
   [2 0 0 0 0 0 0 0 0])
  ("left" .
   [12 1 0 0])
  ("5em" .
   [6 0 0])
  ("absolute" .
   [2 3 1 0 1 0 0 3])
  ("-5em" .
   [2 0 0 0])
  ("up" .
   [2 0])
  ("jumpUp" .
   [2 0 0 0 0 0])
  ("3" .
   [14])
  ("Consolas" .
   [0 0 0 0 1 0 0 0])
  ("Sans" .
   [2 0 0 0])
  ("Mono" .
   [4 0 0 0])
  ("New" .
   [3 0 1])
  ("Gothic" .
   [1 0 0 0 0 0])
  ("333333" .
   [2 0 0 0 0 0])
  ("000000" .
   [1 0 0 0 0 0])
  ("rgba" .
   [1 0 0 0])
  ("center" .
   [3 3 0 0 0 2])
  ("auto" .
   [6 3 1 0])
  ("right" .
   [8 6 0 0 0])
  ("define-key" .
   [1 0 0 0 0 0 0 0 0 0])
  ("CompileLib" .
   [0 0 0 1 0 0 0 0 0 0])
  ("com" .
   [4 0 0])
  ("section" .
   [1 0 0 0 0 0 0])
  ("55" .
   [11 0])
  ("990044" .
   [2 0 0 0 0 0])
  ("200px" .
   [2 0 0 0 0])
  ("2px" .
   [1 0 0])
  ("vertical-align" .
   [0 0 0 0 0 0 0 0 0 1 0 1 0 0])
  ("inline-block" .
   [2 0 0 0 0 0 0 0 0 0 0 1])
  ("display" .
   [3 0 0 0 1 0 1])
  ("l" .
   [1])
  ("480px" .
   [1 0 0 0 0])
  ("960px" .
   [1 0 0 0 0])
  ("3fr" .
   [3 0 0])
  ("50px" .
   [2 0 0 0])
  ("margin-right" .
   [2 0 0 0 0 0 0 0 0 0 0 0])
  ("65" .
   [3 0])
  ("p" .
   [1])
  ("padding-top" .
   [2 0 0 0 0 0 0 0 0 0 0])
  ("css" .
   [5 0 0])
  ("none" .
   [4 1 0 1])
  ("flo" .
   [0 0 1])
  ("text-indent" .
   [0 0 0 0 1 0 0 0 0 0 0])
  ("expand" .
   [1 0 0 0 0 0])
  ("codeArticles" .
   [0 0 0 0 0 3 0 0 0 0 0 0])
  ("size" .
   [1 0 0 0])
  ("article" .
   [10 0 0 2 1 0 2])
  ("table-cell" .
   [0 0 0 0 0 0 0 1 0 0])
  ("artificial" .
   [1 0 0 0 0 0 0 0 0 0])
  ("lastCodeArticle" .
   [0 0 0 0 0 1 0 0 2 0 0 0 0 0 0])
  ("offsetTop" .
   [5 0 0 0 0 0 0 0 0])
  ("3em" .
   [1 0 0])
  ("8%" .
   [4 0])
  ("miniView" .
   [1 0 0 0 0 1 0 1])
  ("opacity" .
   [2 0 0 0 0 0 0])
  ("0%" .
   [1 0])
  ("document" .
   [2 0 0 0 0 0 0 0])
  ("getElementById" .
   [0 0 0 0 0 0 0 0 0 0 0 0 0 2])
  ("t" .
   [2])
  ("links" .
   [2 0 0 0 0])
  ("doScroll" .
   [0 0 0 0 0 1 0 0])
  ("750" .
   [1 0 0])
  ("75px" .
   [3 0 0 0])
  ("20%" .
   [2 0 0])
  ("25px" .
   [1 0 0 0])
  ("100px" .
   [1 0 0 0 0])
  ("150" .
   [1 0 0])
  ("switch" .
   [2 0 0 0 0 0])
  ("case" .
   [1 0 0 0])
  ("break" .
   [1 0 0 0 0])
  ("articleNum" .
   [2 0 0 0 0 0 0 0 0 0])
  ("preventDefault" .
   [0 0 0 0 0 0 0 0 0 1 0 0 0 0])
  ("80" .
   [1 0])
  ("attr" .
   [1 0 0 0])
  ("214" .
   [2 0 0])
  ("map" .
   [1 0 0])
  ("_nullNode" .
   [4 0 0 0 0 1 2 0 0])
  ("_numWhite" .
   [2 0 0 0 1 3 0 0 0])
  ("_whitePool" .
   [1 0 0 0 0 0 5 1 0 0])
  ("pop" .
   [6 0 0])
  ("_createWhite" .
   [0 0 0 0 0 0 0 0 0 1 0 0])
  ("whiteNode" .
   [9 0 0 0 0 0 1 0 0])
  ("_requestWhite" .
   [0 0 0 0 1 0 0 0 0 0 0 0 0])
  ("_freeWhite" .
   [0 0 0 0 0 1 0 0 0 0])
  ("whitePool" .
   [1 0 0 0 0 0 0 0 0])
  ("slice" .
   [2 0 0 0 0])
  ("_tempNode" .
   [0 0 0 0 0 1 0 0 0])
  ("calcFunc" .
   [1 0 0 0 0 0 0 0])
  ("scriptNode" .
   [12 0 1 0 1 0 1 3 0 27])
  ("_scriptPool" .
   [0 0 0 0 0 0 0 1 0 0 0])
  ("_requestScriptNode" .
   [0 0 1 5 1 1 0 1 0 0 0 0 0 0 0 1 0 2])
  ("pinkFunc" .
   [2 0 0 0 0 0 0 0])
  ("_freeScriptNode" .
   [0 0 0 2 4 0 1 1 0 0 0 0 0 0 0])
  ("violetFunc" .
   [1 0 0 0 0 0 0 0 0 0])
  ("violet" .
   [0 0 0 0 0 1])
  ("filt" .
   [36 0 0 1])
  ("_requestScriptFXNode" .
   [0 0 1 5 2 0 0 0 0 0 0 1 0 0 0 4 1 0 0 33])
  ("_freeScriptFXNode" .
   [0 0 0 4 3 0 0 0 0 0 0 0 0 0 0 0 47])
  ("_scriptFXPool" .
   [1 0 1 1 2 0 0 0 0 0 0 0 14])
  ("_numScriptFXNodes" .
   [0 0 0 0 0 1 1 0 0 0 0 0 0 0 0 0 0])
  ("inputBuffer" .
   [1 0 0 0 0 0 3 0 0 0 2])
  ("_scriptNode" .
   [2 0 0 0 0 0 0 0 1 0 0])
  ("outputBuffer" .
   [0 0 0 0 0 0 0 3 1 1 0 0])
  ("_zeroNode" .
   [0 0 0 1 3 1 0 0 1])
  ("getChannelData" .
   [0 0 1 0 6 0 0 0 0 0 0 0 0 0])
  ("coeff" .
   [1 0 0 0 0])
  ("pwarp" .
   [1 0 0 0 0])
  ("pstutter" .
   [1 0 0 0 0 0 0 0])
  ("oscs" .
   [2 0 0 0])
  ("where" .
   [1 0 0 0 0])))
